2 0.873095 0.021502 0.208985 0.0255956
1 0.147118 0.0220542 0.247476 0.024963
1 0.79629 0.021244 0.0465285 0.0226577
1 0.240927 0.0219797 0.040127 0.0208738
1 0.283863 0.0220075 0.026591 0.0143357
2 0.178419 0.140809 0.286931 0.0386455
0 0.688876 0.207375 0.254081 0.0538365
0 0.918314 0.207269 0.163371 0.052377
0 0.429232 0.207856 0.230227 0.0533304
0 0.168436 0.207911 0.255376 0.0533323
1 0.897987 0.207304 0.0595774 0.02923
1 0.10515 0.207495 0.052072 0.028965
1 0.376952 0.207119 0.0551631 0.0267314
2 0.96841 0.20822 0.0613733 0.0250058
1 0.96841 0.20822 0.0613733 0.0250058
2 0.202393 0.208444 0.113536 0.0241367
1 0.623738 0.207272 0.0475212 0.0217339
2 0.723687 0.208601 0.112338 0.0232845
2 0.459305 0.208562 0.0834566 0.0229269
1 0.50502 0.345767 0.891225 0.164211
2 0.248018 0.356837 0.325036 0.0877997
2 0.256886 0.472701 0.444792 0.0278511
2 0.880274 0.472569 0.0760276 0.02126
0 0.1638 0.555391 0.24235 0.111385
0 0.418582 0.555378 0.245147 0.110696
0 0.678005 0.555977 0.2426 0.111455
0 0.906525 0.556248 0.18695 0.111478
1 0.356945 0.530705 0.0757285 0.0325995
1 0.87029 0.531564 0.0709883 0.0334083
1 0.614874 0.531225 0.078933 0.0316887
1 0.0977757 0.530469 0.0610137 0.028106
2 0.390999 0.568864 0.145264 0.0228127
2 0.915435 0.569029 0.165566 0.0231356
2 0.670374 0.569574 0.187449 0.0217551
2 0.102945 0.569276 0.0827864 0.0191814
2 0.149281 0.59206 0.168987 0.0193089
2 0.916069 0.591996 0.164127 0.0185218
2 0.669955 0.59229 0.189511 0.0190769
2 0.413102 0.592282 0.188983 0.0189995
0 0.649517 0.757452 0.381774 0.229974
0 0.24087 0.758266 0.380922 0.229653
0 0.931404 0.76186 0.137192 0.220022
0 0.942005 0.705086 0.115989 0.0975653
0 0.574268 0.705676 0.186147 0.0935945
0 0.170388 0.707447 0.188454 0.0927007
0 0.574884 0.678012 0.186954 0.0332832
1 0.169443 0.70796 0.0969684 0.0312978
2 0.573093 0.707409 0.153962 0.018916
2 0.642392 0.778538 0.329132 0.0248688
2 0.154865 0.77851 0.161859 0.0219607
2 0.93741 0.778912 0.101256 0.020462
1 0.103003 0.848243 0.0463706 0.0223724
1 0.510299 0.848403 0.0436707 0.0217762
1 0.917072 0.847685 0.0423295 0.0202373
2 0.252617 0.848949 0.243054 0.0219022
2 0.649911 0.849021 0.225214 0.02173
2 0.966396 0.848263 0.0469438 0.0186427
0 0.49628 0.955598 0.99256 0.0872217
1 0.499786 0.939199 0.0733185 0.0358459
1 0.899739 0.939379 0.0655669 0.0320111
1 0.69957 0.938926 0.0651465 0.0310483
1 0.298683 0.939162 0.0625537 0.0311293
1 0.0989876 0.939334 0.0692035 0.0304213
2 0.298553 0.968038 0.100977 0.0183123
2 0.699893 0.968854 0.124373 0.0187924
2 0.499679 0.967986 0.0494178 0.0164389
2 0.900639 0.968382 0.0710703 0.0168829
2 0.0993412 0.96864 0.0834494 0.0171536
