2 0.915919 0.0217477 0.122126 0.0235885
1 0.797577 0.0211482 0.0454018 0.0219164
1 0.840991 0.0214959 0.0408882 0.0217942
1 0.241548 0.0217699 0.0451499 0.0219007
1 0.958039 0.0222145 0.0323427 0.0197851
1 0.282648 0.0219742 0.0284176 0.0149542
3 0.499866 0.0934076 0.0949671 0.00766667
2 0.185187 0.128659 0.301887 0.0371573
1 0.936052 0.12616 0.0631285 0.0294884
0 0.492347 0.186931 0.925815 0.0509354
2 0.190261 0.188123 0.140855 0.0245563
1 0.0816569 0.187106 0.0427068 0.0207975
0 0.589172 0.253041 0.656836 0.0400612
0 0.141369 0.252657 0.199386 0.0390998
1 0.974725 0.252956 0.0505508 0.0325151
1 0.316013 0.253441 0.0598539 0.027813
1 0.0917995 0.252601 0.0537186 0.0250956
2 0.619877 0.253928 0.544504 0.0254306
2 0.170834 0.253363 0.0820573 0.0208526
0 0.730395 0.400917 0.436675 0.22151
0 0.272095 0.402303 0.434333 0.2167
0 0.632475 0.352217 0.190925 0.0987936
0 0.173542 0.355538 0.19016 0.0923997
1 0.173991 0.35445 0.0963538 0.0329987
2 0.632179 0.354877 0.150661 0.0199349
2 0.707524 0.424592 0.342924 0.0246634
2 0.15812 0.424421 0.160386 0.0212151
1 0.566747 0.485928 0.0437197 0.0221709
1 0.109508 0.486087 0.0425351 0.0216718
2 0.260987 0.486925 0.242689 0.0213228
2 0.710921 0.487155 0.22662 0.0213031
0 0.730044 0.630699 0.441714 0.21743
0 0.27223 0.630765 0.434933 0.215786
1 0.633905 0.583839 0.19214 0.0944473
1 0.177632 0.585902 0.182994 0.0868211
2 0.619168 0.651569 0.171307 0.0228409
2 0.129013 0.652204 0.100209 0.0204682
1 0.691584 0.712816 0.0445432 0.0236786
2 0.771697 0.713389 0.205917 0.0227214
1 0.10939 0.713601 0.043735 0.022281
1 0.568041 0.713218 0.0433638 0.0214075
2 0.260252 0.714303 0.243432 0.0219536
2 0.624502 0.713393 0.0485669 0.0193613
1 0.624502 0.713393 0.0485669 0.0193613
0 0.271059 0.857884 0.436824 0.216649
0 0.173504 0.810066 0.189039 0.0936534
1 0.175167 0.814097 0.180081 0.0886852
2 0.63006 0.809855 0.196392 0.0167264
2 0.668671 0.878076 0.266999 0.025067
2 0.146646 0.879383 0.138101 0.0224004
1 0.56695 0.910618 0.0445333 0.0219238
2 0.711899 0.911345 0.226245 0.0207138
1 0.109613 0.940726 0.0443804 0.0224177
2 0.691157 0.941026 0.048221 0.022403
2 0.768694 0.941152 0.208407 0.0220479
1 0.567851 0.941096 0.0421815 0.0214463
2 0.260255 0.94184 0.245454 0.0213531
2 0.623093 0.940808 0.0503062 0.0178776
0 0.272647 0.988692 0.440804 0.022616
0 0.731973 0.988749 0.44123 0.0225025
0 0.172703 0.995965 0.174175 0.00807087
