0 0.485165 0.0432553 0.691402 0.0574461
1 0.915663 0.0436755 0.0919408 0.0464696
1 0.209566 0.0428662 0.0557082 0.0259333
2 0.331796 0.0436622 0.137201 0.0219292
1 0.0738884 0.0437803 0.050823 0.0198538
1 0.501801 0.361493 0.906074 0.550544
1 0.870697 0.126425 0.0561851 0.027251
1 0.135683 0.126535 0.0584596 0.023883
1 0.505598 0.356353 0.341734 0.169769
0 0.504121 0.35658 0.341955 0.16985
1 0.859433 0.35049 0.113206 0.0629228
1 0.146111 0.350818 0.117675 0.0632882
2 0.504325 0.357601 0.100231 0.0523122
0 0.516737 0.567622 0.051094 0.0252412
1 0.516804 0.567909 0.0371405 0.0188035
3 0.717534 0.567901 0.355693 0.00574572
3 0.303751 0.568017 0.393665 0.00485693
2 0.173617 0.600494 0.143518 0.0210086
2 0.829672 0.600711 0.144203 0.020864
2 0.195743 0.685117 0.29955 0.0429228
1 0.8893 0.685429 0.0575602 0.0288615
1 0.629412 0.684915 0.0559437 0.0271702
1 0.75902 0.684227 0.0571463 0.0255056
2 0.479293 0.811848 0.90643 0.149334
0 0.501474 0.946627 0.919446 0.106746
0 0.133231 0.92855 0.157744 0.0399346
1 0.379671 0.928056 0.0577572 0.0322198
1 0.625892 0.928607 0.0599164 0.0319498
1 0.134028 0.928686 0.049047 0.0267293
1 0.87044 0.928434 0.0464167 0.0243569
