0 0.498616 0.724737 0.822082 0.071615
0 0.49989 0.886394 0.802275 0.0593055
0 0.499019 0.224934 0.821505 0.071989
0 0.500265 0.330383 0.819829 0.0718097
0 0.500278 0.435582 0.817795 0.0718264
0 0.500459 0.613329 0.819274 0.0725104
0 0.500593 0.96126 0.798776 0.0582436
0 0.500123 0.119369 0.822641 0.0706204
2 0.484923 0.533107 0.814533 0.0641235
2 0.281651 0.331561 0.311342 0.0260122
2 0.232844 0.614547 0.211258 0.0237893
2 0.302988 0.437335 0.36291 0.0283861
2 0.280035 0.820398 0.221838 0.0219794
1 0.133359 0.818692 0.0607448 0.0271272
1 0.844358 0.614288 0.0723752 0.0264035
2 0.188718 0.726989 0.128876 0.0265253
2 0.187843 0.225435 0.123528 0.0257318
1 0.844546 0.725011 0.0709512 0.025775
2 0.500508 0.889289 0.187417 0.0288487
2 0.251851 0.0174957 0.369643 0.0225551
2 0.229668 0.120698 0.207252 0.025425
2 0.500912 0.962753 0.169071 0.0251136
2 0.795335 0.0170119 0.262795 0.0209557
2 0.270537 0.0590629 0.370831 0.0352154
1 0.437794 0.962568 0.0412445 0.0222219
0 0.504147 0.503208 0.991706 0.991729
