0 0.503896 0.0178593 0.980967 0.0350728
2 0.248887 0.0175231 0.372053 0.0238267
2 0.794611 0.0170568 0.262372 0.0207565
2 0.164467 0.017628 0.177096 0.0174741
0 0.500948 0.507897 0.998104 0.982107
1 0.500123 0.285754 0.54148 0.230536
1 0.810963 0.428197 0.098752 0.0482983
2 0.498799 0.43241 0.511284 0.0303608
0 0.498751 0.49933 0.824606 0.0712095
2 0.245896 0.500166 0.238539 0.0269644
0 0.499163 0.604524 0.819295 0.0720949
1 0.844163 0.605122 0.0732583 0.0264656
2 0.284994 0.606364 0.322159 0.0258741
2 0.760727 0.68195 0.311738 0.0227445
0 0.50014 0.740177 0.802665 0.0591167
2 0.499872 0.741652 0.18002 0.0288305
0 0.500186 0.814309 0.797955 0.0591128
2 0.49869 0.816862 0.192435 0.0275463
